4277
340
1379
1138
4791
2168
398
4661
3586
668
680
1277
2763
1174
3361
4307
950
2331
3562
4391
41
3464
3513
2995
657
2043
2532
4960
3278
4605
406
3274
3075
2259
1222
560
4161
2740
500
3165
847
816
923
781
2910
215
1401
3892
4038
1764
704
2871
4421
736
1362
814
1827
3383
482
2749
4635
438
1383
3981
262
2405
3201
504
4951
2801
147
3210
1832
398
3545
4225
2541
2732
86
442
643
3640
922
1515
3901
2534
3853
2340
898
409
3733
778
2259
2751
3529
409
4432
1942
519
505
2014
898
3940
1238
1617
2493
1039
4023
2191
2137
3273
4094
3297
40
2106
996
4516
4868
80
2728
3551
862
4606
4543
4068
4368
952
4081
1868
3136
4793
599
2214
4580
3428
4744
4699
4683
4897
1409
1495
4830
150
3760
2136
4639
2481
2219
645
2534
893
4564
1863
2791
1953
1153
1292
4397
2170
2248
1542
1958
2156
4054
2344
2674
1880
3717
1612
2362
1297
4832
4970
3670
1233
3721
712
846
2408
4428
1888
3733
3437
4334
2244
229
3736
4423
2627
2276
3452
303
2514
2650
4867
4537
2674
1095
1417
4462
2759
3763
607
3282
1237
1060
4593
3192
1559
3231
441
447
1989
2741
360
2808
3520
2822
1811
2115
3938
2457
1090
4336
3909
994
2318
2321
3803
1695
1048
4616
4428
2946
1670
3125
3126
156
3097
1184
635
544
2865
4396
1835
3006
3313
4773
2290
2059
1018
4851
4284
4302
524
302
2674
1271
4372
243
3742
2273
4389
4863
2184
824
1019
4043
1071
2235
4681
3365
4725
628
1480
3394
4592
1694
2501
904
2681
2544
31
1745
678
1196
333
126
2422
1369
451
1856
783
2854
2442
3362
1154
3001
2212
1012
1987
4269
3702
56
2377
2652
127
3656
2823
2129
709
981
3769
3469
2562
1198
2242
2645
4186
988
491
893
1622
4702
1785
2826
2583
1872
3186
3117
2241
1592
4481
1490
3916
3411
3842
4975
4367
3025
1070
1676
2302
293
660
4469
3087
2313
292
1244
1120
3509
3814
1224
521
1094
2648
4000
3271
4551
70
3254
471
4705
4888
4117
1499
2279
4552
4150
2356
2267
3277
1162
4918
3815
3591
1330
4043
2315
4738
270
1580
1942
1998
3731
2777
3257
970
2822
764
4841
1705
4816
2955
2815
1205
2597
404
1542
2971
809
2761
1142
3888
3853
233
2653
1306
1705
2503
1319
4956
956
4812
4800
1675
3529
2708
1158
1341
3242
1309
1730
3387
2514
562
3461
3206
2103
2610
995
926
2502
4344
3930
2509
439
3053
3145
3499
125
1951
4264
320
4445
4884
749
4
3155
1141
2676
4888
4246
202
4728
4499
1031
2754
1375
3291
1771
4446
4203
4095
1509
393
2455
1612
883
2292
1236
476
4563
2659
1216
1291
2045
1411
3941
2629
4813
3458
52
963
4934
1106
1680
2300
4615
4431
1478
2684
1679
4853
1728
678
2748
169
3810
4052
2430
4136
4120
864
4904
2200
326
1587
3985
3438
2454
4619
3812
3745
3478
3313
4395
3241
4161
404
3713
155
1997
1452
814
3552
3797
4709
931
539
3543
1876
2601
4889
200
677
4337
4187
1058
2734
780
93
3315
1178
1977
1859
3871
2934
1376
3414
1283
4507
1008
3406
340
2275
2140
2669
51
1353
3403
617
656
3447
4895
579
2019
3923
3546
2802
3976
208
2183
1427
4623
3620
1840
820
4474
3955
4680
863
3333
2517
4255
4035
868
4194
4549
2924
3537
1668
4137
4705
4331
164
4436
4868
1282
1399
4839
4948
4388
3574
4438
1075
2325
4580
3782
1720
436
1320
3195
1095
1672
2540
2283
3139
4191
860
4710
2824
4373
622
4264
2309
1071
2477
2096
4460
4183
1972
4537
3076
4115
4731
1475
4759
3078
3181
1711
1288
412
2830
2489
2217
3473
3042
3033
1792
2880
1298
677
423
1688
2016
576
3766
4309
2130
5
4847
2485
4322
2537
3464
1782
119
1980
1941
1065
2524
61
1010
4148
3423
2413
1544
3133
2047
3836
3028
4443
304
1581
2886
1295
4115
1388
2099
4156
2709
451
949
3177
1864
3802
1090
294
4024
435
3354
1062
1093
728
357
1237
4666
1275
3265
4603
4031
633
2262
3294
1976
404
2181
2741
4651
2170
2667
3731
4880
2784
3355
2073
4112
2833
2285
4620
1323
1250
4108
1613
482
1967
3351
4576
1225
1649
1628
2840
3123
2496
125
2076
3188
2655
1201
1460
1621
3348
643
1855
2768
4622
1181
3308
2372
3283
2124
1834
3989
3644
3280
2782
1525
650
2812
10
2053
2604
1517
3002
542
4826
609
2385
2660
1280
3885
1457
1633
825
2999
2974
608
2253
3844
859
786
43
2205
2941
4524
4794
3851
4478
4215
2343
552
2539
4843
1192
4406
4016
1832
2641
1314
2941
4014
3796
649
1093
4398
668
201
3164
646
307
2174
4271
1805
1953
4224
2011
400
3575
3477
748
976
1131
3169
317
728
1347
1614
441
1419
3983
1143
2967
940
904
1845
1989
4393
1113
3543
3857
4593
687
3833
3909
169
1280
734
2891
1968
2395
3617
3256
4163
566
1965
2884
627
333
365
3051
4054
4760
1746
1662
4163
4207
3331
901
108
2235
2618
4287
33
4619
1155
290
2298
4260
149
4448
614
3722
3473
4023
366
2886
3803
375
3939
3960
1362
4061
748
492
4803
4833
3940
2171
4745
961
2948
4832
2783
4732
4777
4330
3223
4544
4411
1675
587
1367
184
917
2438
332
1287
2723
1297
1277
405
2957
1962
1148
873
3556
3539
4540
4816
1322
1350
127
4514
4187
1500
781
940
3740
4245
1036
4663
4259
963
2265
3374
4995
3877
4831
3054
4471
3546
1218
875
3469
557
4991
2871
1636
3859
1221
792
3683
4727
3090
326
460
1853
997
4416
1658
4392
2546
3477
261
1614
1145
1994
4697
2773
878
4679
3707
1487
346
2775
133
4252
1045
